-1.297999999999999987e-01
-6.018000000000000016e-01
-8.659999999999999920e-01
9.940000000000000224e-02
-2.391999999999999960e-01
-5.840000000000000052e-02
7.147999999999999909e-01
1.147999999999999993e-01
7.439999999999999392e-02
1.923999999999999877e-01
-2.299999999999999961e-02
-3.194000000000000172e-01
-1.029999999999999943e-01
-7.483999999999999542e-01
1.059999999999999970e-01
-2.548000000000000265e-01
-4.812000000000000166e-01
-6.832000000000000295e-01
-7.286000000000000254e-01
-7.284000000000000474e-01
-8.859999999999999820e-02
-9.100000000000000311e-01
2.906000000000000250e-01
-6.028000000000000025e-01
8.799999999999999489e-02
5.940000000000000141e-02
-5.587999999999999634e-01
-7.927999999999999492e-01
-1.379999999999999977e-02
-7.581999999999999851e-01
1.754000000000000004e-01
-2.291999999999999871e-01
2.084000000000000019e-01
-4.580000000000000182e-01
-4.838000000000000078e-01
-3.711999999999999744e-01
-2.119999999999999940e-01
-6.133999999999999453e-01
-7.226000000000000201e-01
-1.340000000000000045e-02
2.492000000000000048e-01
3.311999999999999944e-01
-6.378000000000000336e-01
3.371999999999999997e-01
-8.072000000000000286e-01
2.134000000000000064e-01
-1.655999999999999972e-01
-5.490000000000000435e-01
-1.540000000000000049e-02
-3.084000000000000075e-01
-1.635999999999999954e-01
4.016000000000000125e-01
-2.660000000000000142e-01
-7.127999999999999892e-01
-2.800000000000000266e-01
1.509999999999999953e-01
6.241999999999999771e-01
2.753999999999999782e-01
-1.408000000000000085e-01
5.782000000000000473e-01
-1.223999999999999949e-01
-7.903999999999999915e-01
8.060000000000000497e-02
-5.642000000000000348e-01
3.851999999999999869e-01
5.600000000000000533e-01
-6.076000000000000290e-01
4.172000000000000153e-01
-7.493999999999999551e-01
-2.091999999999999971e-01
-1.822000000000000008e-01
-3.297999999999999821e-01
-5.839999999999999636e-01
-6.088000000000000078e-01
-6.428000000000000380e-01
-5.303999999999999826e-01
3.034000000000000030e-01
-6.598000000000000531e-01
-3.635999999999999788e-01
4.839999999999999858e-02
-1.060000000000000005e-02
-8.055999999999999828e-01
-2.340000000000000066e-02
1.168000000000000010e-01
6.303999999999999604e-01
-7.319999999999999840e-01
2.321999999999999897e-01
-1.433999999999999997e-01
3.402000000000000024e-01
2.651999999999999913e-01
-1.444000000000000006e-01
-2.570000000000000062e-01
-6.814000000000000057e-01
-4.136000000000000232e-01
-1.935999999999999943e-01
5.629999999999999449e-01
-5.368000000000000549e-01
4.994000000000000106e-01
-6.977999999999999758e-01
-8.132000000000000339e-01
-2.041999999999999926e-01
-9.435999999999999943e-01
-5.802000000000000490e-01
-4.882000000000000228e-01
-2.886000000000000232e-01
3.256000000000000005e-01
-6.441999999999999948e-01
-3.059999999999999942e-01
-7.072000000000000508e-01
-7.500000000000000000e-01
6.740000000000000158e-02
-2.810000000000000275e-01
9.039999999999999425e-02
-7.278000000000000025e-01
-7.965999999999999748e-01
-7.109999999999999654e-01
-3.622000000000000219e-01
4.954000000000000070e-01
4.909999999999999920e-01
3.075999999999999845e-01
8.759999999999999731e-02
2.786000000000000143e-01
-7.653999999999999693e-01
-2.554000000000000159e-01
4.642000000000000015e-01
-2.262000000000000122e-01
-4.576000000000000068e-01
7.199999999999999456e-02
-4.119999999999999774e-01
1.685999999999999999e-01
-7.220000000000000029e-02
-8.406000000000000139e-01
-7.675999999999999490e-01
-5.639999999999999875e-02
-8.476000000000000201e-01
6.079999999999999849e-01
-6.400000000000000133e-01
4.152000000000000135e-01
-6.198000000000000176e-01
6.840000000000000524e-01
-2.424000000000000044e-01
-1.069999999999999979e-01
3.022000000000000242e-01
-4.853999999999999981e-01
-8.342000000000000526e-01
4.450000000000000067e-01
1.749999999999999889e-01
3.068000000000000171e-01
-5.504000000000000004e-01
-7.428000000000000158e-01
-1.552000000000000046e-01
-2.617999999999999772e-01
-3.899999999999999994e-02
-4.915999999999999814e-01
-7.623999999999999666e-01
-1.741999999999999937e-01
1.020000000000000073e-02
-4.499999999999999833e-02
-6.061999999999999611e-01
-3.817999999999999727e-01
-2.381999999999999951e-01
-8.554000000000000492e-01
1.719999999999999862e-01
-2.893999999999999906e-01
-8.094000000000000083e-01
-2.912000000000000144e-01
-3.200000000000000153e-03
3.664000000000000035e-01
-6.750000000000000444e-01
9.339999999999999691e-02
-9.400000000000000022e-02
-9.242000000000000215e-01
-1.218000000000000055e-01
5.999999999999999778e-02
-7.785999999999999588e-01
4.693999999999999839e-01
-1.010000000000000064e-01
2.926000000000000267e-01
-6.944000000000000172e-01
-5.592000000000000304e-01
-2.373999999999999999e-01
-5.584000000000000075e-01
1.079999999999999988e-01
-7.049999999999999600e-01
-2.053999999999999992e-01
-2.667999999999999816e-01
-1.554000000000000103e-01
-2.812000000000000055e-01
-3.135999999999999899e-01
-2.699999999999999969e-02
-7.960000000000000409e-02
-5.619999999999999996e-02
-6.764000000000000012e-01
-6.390000000000000124e-01
-3.214000000000000190e-01
-4.561999999999999944e-01
-6.854000000000000092e-01
-5.350000000000000311e-01
-1.277999999999999969e-01
-1.184000000000000052e-01
-2.862000000000000099e-01
-6.630000000000000338e-01
-4.299999999999999656e-02
-6.338000000000000300e-01
-5.165999999999999481e-01
-5.363999999999999879e-01
-2.782000000000000028e-01
3.387999999999999901e-01
-1.799999999999999864e-02
-1.983999999999999930e-01
-6.600000000000000311e-02
-6.321999999999999842e-01
-7.291999999999999593e-01
-7.019999999999999851e-02
-4.414000000000000146e-01
-2.691999999999999948e-01
-1.000000000000000056e-01
1.446000000000000063e-01
-2.807999999999999940e-01
-1.731999999999999929e-01
-3.392000000000000015e-01
-7.359999999999999876e-02
-7.733999999999999764e-01
-7.119999999999999662e-01
-8.262000000000000455e-01
3.770000000000000018e-01
3.857999999999999763e-01
-6.660000000000000642e-02
-3.718000000000000194e-01
-6.428000000000000380e-01
-1.130000000000000032e-01
-9.222000000000000197e-01
-8.551999999999999602e-01
7.699999999999999900e-02
-5.582000000000000295e-01
-1.380000000000000115e-01
-6.076000000000000290e-01
-5.211999999999999966e-01
-6.585999999999999632e-01
-5.093999999999999639e-01
-4.440000000000000197e-02
-4.097999999999999976e-01
5.402000000000000135e-01
-1.920000000000000040e-01
-4.351999999999999758e-01
3.059999999999999873e-02
1.738000000000000100e-01
-6.985999999999999988e-01
-2.336000000000000021e-01
-6.697999999999999510e-01
-3.068000000000000171e-01
-6.815999999999999837e-01
-7.154000000000000359e-01
-8.279999999999999583e-01
-8.780000000000000304e-02
2.446000000000000119e-01
-3.487999999999999989e-01
2.038000000000000089e-01
-4.043999999999999817e-01
5.080000000000000071e-01
-2.440000000000000155e-02
-9.018000000000000460e-01
-6.128000000000000114e-01
-1.685999999999999999e-01
5.292000000000000037e-01
-4.944000000000000061e-01
3.899999999999999994e-02
-5.375999999999999668e-01
2.001999999999999891e-01
-3.042000000000000259e-01
6.000000000000000125e-03
-1.379999999999999977e-02
-5.735999999999999988e-01
-7.284000000000000474e-01
-8.356000000000000094e-01
-3.983999999999999764e-01
-7.523999999999999577e-01
-8.187999999999999723e-01
-2.671999999999999931e-01
-1.020000000000000073e-02
-2.313999999999999946e-01
-3.379999999999999671e-02
1.593999999999999861e-01
1.120000000000000023e-01
-6.914000000000000146e-01
-6.393999999999999684e-01
-7.261999999999999567e-01
2.906000000000000250e-01
-7.539999999999999480e-02
1.087999999999999939e-01
-1.275999999999999912e-01
-9.100000000000000311e-01
-8.738000000000000211e-01
1.468000000000000138e-01
-2.968000000000000083e-01
-4.036000000000000143e-01
1.711999999999999911e-01
-5.774000000000000243e-01
-7.159999999999999698e-01
-5.796000000000000041e-01
-3.108000000000000207e-01
-5.634000000000000119e-01
-3.406000000000000139e-01
-7.064000000000000279e-01
-7.284000000000000474e-01
1.507999999999999896e-01
2.318000000000000060e-01
2.846000000000000196e-01
-7.181999999999999496e-01
-8.267999999999999794e-01
-1.262000000000000066e-01
-5.006000000000000449e-01
-4.122000000000000108e-01
-7.258000000000000007e-01
-3.689999999999999947e-01
-6.139999999999999902e-01
-6.111999999999999655e-01
-5.155999999999999472e-01
-4.012000000000000011e-01
1.343999999999999917e-01
-2.860000000000000042e-02
5.051999999999999824e-01
-2.398000000000000131e-01
-1.439999999999999891e-01
-5.260000000000000092e-02
-5.420000000000000373e-01
-1.469999999999999918e-01
-7.281999999999999584e-01
-2.440000000000000155e-02
3.799999999999999992e-03
-2.699999999999999969e-02
-5.179999999999999882e-02
5.220000000000000334e-02
-3.860000000000000098e-01
-5.971999999999999531e-01
-2.636000000000000010e-01
-1.360000000000000098e-01
-1.243999999999999967e-01
-4.195999999999999730e-01
4.030000000000000249e-01
-7.159999999999999698e-02
-9.063999999999999835e-01
-1.807999999999999885e-01
-2.051999999999999935e-01
-5.657999999999999696e-01
-3.250000000000000111e-01
1.619999999999999912e-02
-6.533999999999999808e-01
-6.408000000000000362e-01
1.746000000000000052e-01
-1.799999999999999864e-02
3.799999999999999906e-02
-8.965999999999999526e-01
-2.802000000000000046e-01
-7.221999999999999531e-01
-4.375999999999999890e-01
-3.397999999999999909e-01
-8.157999999999999696e-01
-6.568000000000000504e-01
-3.906000000000000028e-01
-4.499999999999999833e-02
-2.995999999999999774e-01
-7.693999999999999728e-01
-3.689999999999999947e-01
3.750000000000000000e-01
-3.158000000000000251e-01
-2.030000000000000138e-01
-2.021999999999999909e-01
-2.479999999999999913e-02
4.076000000000000179e-01
-2.530000000000000027e-01
-3.214000000000000190e-01
-5.799999999999999600e-03
-6.368000000000000327e-01
-3.904000000000000248e-01
-1.562000000000000055e-01
-2.661999999999999922e-01
4.607999999999999874e-01
-4.727999999999999980e-01
-3.579999999999999849e-02
-3.237999999999999767e-01
-8.519999999999999796e-01
-6.288000000000000256e-01
-7.526000000000000467e-01
-4.650000000000000244e-01
-6.785999999999999810e-01
-1.062000000000000027e-01
4.082000000000000073e-01
2.601999999999999869e-01
-3.042000000000000259e-01
-2.501999999999999780e-01
-4.399999999999999745e-02
2.620000000000000107e-02
-5.021999999999999797e-01
-3.071999999999999731e-01
-2.770000000000000240e-01
3.953999999999999737e-01
6.004000000000000448e-01
-5.737999999999999767e-01
4.633999999999999786e-01
-3.390000000000000235e-01
1.292000000000000093e-01
-4.587999999999999856e-01
-7.526000000000000467e-01
4.222000000000000197e-01
-1.290000000000000036e-01
-3.654000000000000026e-01
-4.670000000000000262e-01
1.335999999999999965e-01
5.190000000000000169e-01
1.059999999999999970e-01
-5.585999999999999854e-01
-2.066000000000000059e-01
-3.118000000000000216e-01
1.857999999999999929e-01
-5.355999999999999650e-01
2.872000000000000108e-01
-8.354000000000000314e-01
-3.735999999999999877e-01
1.127999999999999975e-01
-2.021999999999999909e-01
7.699999999999999900e-02
-3.966000000000000081e-01
-2.165999999999999870e-01
-7.279999999999999805e-01
-1.842000000000000026e-01
-1.554000000000000103e-01
-5.834000000000000297e-01
-6.233999999999999542e-01
1.461999999999999966e-01
1.859999999999999848e-02
-4.813999999999999946e-01
-7.810000000000000275e-01
-1.562000000000000055e-01
-2.066000000000000059e-01
-5.677999999999999714e-01
2.819999999999999937e-02
-6.298000000000000265e-01
-1.923999999999999877e-01
-1.915999999999999925e-01
-9.900000000000000466e-02
-5.417999999999999483e-01
-2.949999999999999845e-01
-1.239999999999999991e-01
6.433999999999999719e-01
7.596000000000000529e-01
-2.398000000000000131e-01
-8.287999999999999812e-01
-4.825999999999999734e-01
2.972000000000000197e-01
-2.615999999999999992e-01
-5.887999999999999901e-01
7.560000000000000053e-02
-5.702000000000000401e-01
7.137999999999999901e-01
2.475999999999999868e-01
-1.283999999999999864e-01
1.958000000000000018e-01
-7.281999999999999584e-01
-9.220000000000000417e-01
-2.737999999999999878e-01
-4.520000000000000129e-01
-7.328000000000000069e-01
-7.578000000000000291e-01
-5.253999999999999782e-01
1.575999999999999901e-01
-1.451999999999999957e-01
5.422000000000000153e-01
-2.933999999999999941e-01
-7.900000000000000355e-01
-2.414000000000000035e-01
-4.007999999999999896e-01
-3.572000000000000175e-01
-4.780000000000000221e-02
-8.094000000000000083e-01
3.565999999999999726e-01
-5.604000000000000092e-01
-2.878000000000000003e-01
9.379999999999999449e-02
-4.007999999999999896e-01
-2.520000000000000018e-01
-6.064000000000000501e-01
-3.088000000000000189e-01
-5.450000000000000400e-01
-7.388000000000000123e-01
3.210000000000000075e-01
-2.600000000000000089e-01
-7.280000000000000360e-02
-6.054000000000000492e-01
-4.719999999999999751e-01
-1.192000000000000004e-01
-4.656000000000000139e-01
-7.635999999999999455e-01
-2.053999999999999992e-01
-8.337999999999999856e-01
-2.783999999999999808e-01
3.347999999999999865e-01
1.555999999999999883e-01
-6.615999999999999659e-01
-7.294000000000000483e-01
-6.180000000000000077e-02
-4.209999999999999853e-01
1.789999999999999925e-01
-5.123999999999999666e-01
2.900000000000000147e-02
-7.530000000000000027e-01
2.731999999999999984e-01
-1.613999999999999879e-01
5.145999999999999464e-01
-3.259999999999999704e-02
4.880000000000000310e-02
-3.946000000000000063e-01
-9.257999999999999563e-01
-5.881999999999999451e-01
4.172000000000000153e-01
-4.680000000000000271e-01
2.116000000000000103e-01
-7.122000000000000552e-01
-4.948000000000000176e-01
-6.104000000000000536e-01
-6.560000000000000553e-02
3.059999999999999873e-02
-2.703999999999999737e-01
-5.290000000000000258e-01
1.393999999999999961e-01
4.700000000000000011e-02
2.823999999999999844e-01
-2.520000000000000018e-02
1.988000000000000045e-01
-7.119999999999999662e-01
-3.463999999999999857e-01
-8.115999999999999881e-01
3.961999999999999966e-01
-8.094000000000000083e-01
-2.311999999999999889e-01
-6.158000000000000140e-01
7.400000000000000328e-03
-4.630000000000000226e-01
1.159999999999999920e-02
-9.195999999999999730e-01
-2.162000000000000033e-01
-9.213999999999999968e-01
-8.097999999999999643e-01
-1.265999999999999903e-01
6.331999999999999851e-01
-5.046000000000000485e-01
-2.192000000000000060e-01
2.995999999999999774e-01
-6.935999999999999943e-01
-7.741999999999999993e-01
-2.366000000000000048e-01
6.199999999999999782e-03
1.391999999999999904e-01
-7.655999999999999472e-01
-7.321999999999999620e-01
-7.540000000000000036e-01
-5.657999999999999696e-01
2.301999999999999880e-01
4.158000000000000029e-01
-6.700000000000000400e-01
-5.120000000000000245e-02
-6.493999999999999773e-01
-9.314000000000000057e-01
-3.536000000000000254e-01
-8.880000000000000393e-02
-4.022000000000000020e-01
-8.329999999999999627e-01
-5.585999999999999854e-01
-1.087999999999999939e-01
-1.333999999999999908e-01
-1.113999999999999990e-01
-3.589999999999999858e-01
-7.331999999999999629e-01
-6.099999999999999867e-02
4.700000000000000011e-02
2.137999999999999901e-01
3.000000000000000062e-03
7.428000000000000158e-01
-6.887999999999999678e-01
-3.804000000000000159e-01
3.139999999999999736e-02
-9.310000000000000497e-01
-2.275999999999999968e-01
-4.122000000000000108e-01
2.079999999999999905e-01
-4.707999999999999963e-01
-6.280000000000000027e-01
-1.653999999999999915e-01
-7.843999999999999861e-01
3.118000000000000216e-01
1.706000000000000016e-01
-1.097999999999999948e-01
2.852000000000000091e-01
-4.100000000000000172e-02
-5.856000000000000094e-01
-5.977999999999999980e-01
1.585999999999999910e-01
-4.272000000000000242e-01
-1.474000000000000032e-01
1.226000000000000006e-01
2.474000000000000088e-01
-1.464000000000000024e-01
8.319999999999999618e-02
-8.600000000000000006e-03
-7.027999999999999803e-01
1.660000000000000017e-02
-2.369999999999999885e-01
3.920000000000000151e-01
-6.288000000000000256e-01
-2.139999999999999888e-02
-3.119999999999999996e-01
-8.372000000000000552e-01
-3.768000000000000238e-01
-6.360000000000000098e-01
6.679999999999999827e-02
-6.313999999999999613e-01
1.423999999999999988e-01
3.111999999999999766e-01
2.840000000000000163e-02
-8.322000000000000508e-01
3.500000000000000333e-02
-2.965999999999999748e-01
9.099999999999999756e-02
2.406000000000000083e-01
-7.044000000000000261e-01
-5.687999999999999723e-01
1.257999999999999952e-01
-7.698000000000000398e-01
-9.279999999999999361e-02
6.479999999999999649e-02
-2.777999999999999914e-01
-8.337999999999999856e-01
1.099999999999999936e-02
-5.764000000000000234e-01
-8.062000000000000277e-01
-4.506000000000000005e-01
1.297999999999999987e-01
-5.937999999999999945e-01
3.540000000000000091e-02
-1.801999999999999991e-01
4.499999999999999833e-02
-7.750000000000000222e-01
1.184000000000000052e-01
4.479999999999999954e-02
-6.735999999999999766e-01
-4.760000000000000342e-02
-1.185999999999999971e-01
-4.657999999999999918e-01
2.819999999999999937e-02
3.420000000000000123e-02
-1.479999999999999927e-01
-6.598000000000000531e-01
-5.624000000000000110e-01
-3.094000000000000083e-01
-6.515999999999999570e-01
-4.619999999999999801e-02
-4.955999999999999850e-01
-7.496000000000000441e-01
-7.606000000000000538e-01
1.018000000000000016e-01
-3.337999999999999856e-01
-4.534000000000000252e-01
2.511999999999999789e-01
-7.917999999999999483e-01
2.240000000000000047e-01
-3.483999999999999875e-01
-8.149999999999999467e-01
-2.475999999999999868e-01
-3.449999999999999734e-01
2.232000000000000095e-01
1.919999999999999832e-02
-8.861999999999999877e-01
2.999999999999999889e-02
6.599999999999999964e-03
-2.380000000000000171e-02
-1.363999999999999935e-01
-3.800000000000000044e-01
-7.543999999999999595e-01
-7.763999999999999790e-01
-3.259999999999999704e-02
-3.214000000000000190e-01
-8.796000000000000485e-01
-6.615999999999999659e-01
-8.017999999999999572e-01
1.345999999999999974e-01
-6.176000000000000378e-01
-7.570000000000000062e-01
7.197999999999999954e-01
-7.520000000000000295e-02
2.060000000000000026e-02
-3.559999999999999970e-02
-6.518000000000000460e-01
-3.437999999999999945e-01
-8.000000000000000444e-01
1.171999999999999986e-01
-9.379999999999999449e-02
4.800000000000000100e-02
-6.745999999999999774e-01
-3.045999999999999819e-01
-3.691999999999999726e-01
1.102000000000000063e-01
-1.950000000000000067e-01
-4.822000000000000175e-01
3.065999999999999837e-01
1.359999999999999924e-02
-7.086000000000000076e-01
7.359999999999999876e-02
-5.997999999999999998e-01
1.552000000000000046e-01
-1.399999999999999986e-03
-1.952000000000000124e-01
-3.347999999999999865e-01
-7.037999999999999812e-01
1.446000000000000063e-01
8.227999999999999758e-01
-6.840000000000000246e-02
-1.544000000000000095e-01
-6.078000000000000069e-01
-5.150000000000000133e-01
-7.987999999999999545e-01
-1.120000000000000023e-01
-3.839999999999999664e-02
-2.707999999999999852e-01
-6.401999999999999913e-01
3.482000000000000095e-01
-2.893999999999999906e-01
2.740000000000000074e-02
-6.011999999999999567e-01
-6.977999999999999758e-01
-7.423999999999999488e-01
1.299999999999999940e-02
-1.433999999999999997e-01
2.172000000000000042e-01
-6.320000000000000062e-01
-6.393999999999999684e-01
-5.170000000000000151e-01
-6.178000000000000158e-01
3.595999999999999752e-01
-6.820000000000000506e-01
3.831999999999999851e-01
6.840000000000000246e-02
-8.027999999999999581e-01
-9.290000000000000480e-01
-7.304000000000000492e-01
-7.663999999999999702e-01
-5.445999999999999730e-01
-1.164000000000000035e-01
-3.339999999999999913e-02
-2.043999999999999984e-01
-6.717999999999999527e-01
-2.932000000000000162e-01
-3.069999999999999951e-01
-9.240000000000000435e-01
-6.957999999999999741e-01
-8.189999999999999503e-01
-6.735999999999999766e-01
-8.185999999999999943e-01
-1.806000000000000105e-01
6.519999999999999407e-02
-3.781999999999999806e-01
-3.562000000000000166e-01
-3.966000000000000081e-01
-7.873999999999999888e-01
-7.897999999999999465e-01
4.365999999999999881e-01
-7.140000000000000513e-02
2.088000000000000134e-01
-3.502000000000000113e-01
-3.532000000000000139e-01
6.600000000000000311e-02
-2.594000000000000195e-01
-8.399999999999999481e-03
-9.160000000000000364e-01
-3.168000000000000260e-01
-4.682000000000000051e-01
-7.406000000000000361e-01
4.138000000000000012e-01
-5.397999999999999465e-01
3.728000000000000203e-01
3.950000000000000178e-01
-1.920000000000000040e-01
4.506000000000000005e-01
-9.520000000000000684e-02
-2.169999999999999984e-01
-7.795999999999999597e-01
-2.258000000000000007e-01
-8.434000000000000385e-01
-6.670000000000000373e-01
1.218000000000000055e-01
2.255999999999999950e-01
2.520000000000000018e-02
-1.185999999999999971e-01
-9.740000000000000047e-02
-3.699999999999999817e-02
-5.974000000000000421e-01
1.312000000000000111e-01
-5.807999999999999829e-01
7.032000000000000473e-01
-6.522000000000000020e-01
-1.502000000000000002e-01
3.180000000000000188e-02
-9.415999999999999925e-01
-5.816000000000000059e-01
-5.108000000000000318e-01
1.760000000000000106e-02
2.049999999999999878e-01
-7.750000000000000222e-01
2.783999999999999808e-01
-1.698000000000000065e-01
3.231999999999999873e-01
5.940000000000000141e-02
-7.237999999999999989e-01
-4.132000000000000117e-01
-3.028000000000000136e-01
-5.887999999999999901e-01
-5.814000000000000279e-01
2.182000000000000051e-01
3.453999999999999848e-01
-1.107999999999999957e-01
-8.499999999999999778e-01
-1.134000000000000008e-01
-8.124000000000000110e-01
-7.591999999999999860e-01
-5.472000000000000197e-01
-6.660000000000000364e-01
-5.290000000000000258e-01
-7.027999999999999803e-01
1.809999999999999942e-01
-6.593999999999999861e-01
-2.654000000000000248e-01
-6.819999999999999674e-02
2.614000000000000212e-01
-1.426000000000000045e-01
-8.052000000000000268e-01
6.862000000000000322e-01
8.999999999999999320e-03
-4.471999999999999864e-01
-6.346000000000000529e-01
5.111999999999999877e-01
4.441999999999999837e-01
1.117999999999999966e-01
-9.025999999999999579e-01
5.709999999999999520e-01
4.012000000000000011e-01
-2.300000000000000100e-01
-8.200000000000000344e-02
-4.762000000000000122e-01
-5.279999999999999971e-02
-5.325999999999999623e-01
3.791999999999999815e-01
1.700000000000000122e-01
-8.875999999999999446e-01
-2.197999999999999954e-01
-2.107999999999999874e-01
-6.114000000000000545e-01
-2.182000000000000051e-01
-4.329999999999999960e-01
-3.462000000000000077e-01
-4.667999999999999927e-01
-4.334000000000000075e-01
-1.613999999999999879e-01
-9.327999999999999625e-01
-8.424000000000000377e-01
8.019999999999999352e-02
2.753999999999999782e-01
1.312000000000000111e-01
-8.549999999999999822e-01
-5.380000000000000060e-02
-4.169999999999999818e-01
-5.432000000000000162e-01
-3.081999999999999740e-01
-8.873999999999999666e-01
5.634000000000000119e-01
-8.234000000000000208e-01
2.340000000000000066e-02
-2.656000000000000028e-01
-6.647999999999999465e-01
-6.707999999999999519e-01
-1.378000000000000058e-01
5.372000000000000108e-01
6.679999999999999827e-02
-4.369999999999999996e-01
-5.211999999999999966e-01
2.750000000000000222e-01
8.959999999999999909e-02
-6.505999999999999561e-01
-5.338000000000000522e-01
2.210000000000000020e-01
-8.039999999999999925e-02
-1.869999999999999996e-01
-2.220000000000000098e-02
-5.255999999999999561e-01
4.394000000000000128e-01
-2.759999999999999953e-02
2.726000000000000090e-01
-5.490000000000000435e-01
-1.188000000000000028e-01
-3.947999999999999843e-01
-4.245999999999999774e-01
-3.960000000000000325e-02
4.259999999999999898e-02
1.781999999999999973e-01
2.358000000000000096e-01
-7.691999999999999948e-01
3.798000000000000265e-01
-5.048000000000000265e-01
-2.120000000000000009e-02
4.364000000000000101e-01
-2.421999999999999986e-01
-8.721999999999999753e-01
-1.403999999999999970e-01
-8.723999999999999533e-01
-7.803999999999999826e-01
-1.403999999999999970e-01
-6.972000000000000419e-01
-5.707999999999999741e-01
1.710000000000000131e-01
3.532000000000000139e-01
-2.504000000000000115e-01
-8.322000000000000508e-01
5.600000000000000117e-02
-6.540000000000000258e-01
3.373999999999999777e-01
-4.434000000000000163e-01
-9.059999999999999998e-02
-1.368000000000000049e-01
-5.725999999999999979e-01
-6.623999999999999888e-01
-7.479999999999999982e-01
5.425999999999999712e-01
5.800000000000000294e-02
-3.980000000000000204e-02
-8.978000000000000425e-01
-8.057999999999999607e-01
-2.918000000000000038e-01
-3.618000000000000105e-01
-3.819999999999999785e-02
2.300000000000000100e-01
-6.677999999999999492e-01
-8.669999999999999929e-01
1.092000000000000054e-01
4.519999999999999712e-02
-9.354000000000000092e-01
-6.725999999999999757e-01
-2.899999999999999800e-01
-2.899999999999999800e-01
-6.308000000000000274e-01
9.979999999999999982e-02
-7.276000000000000245e-01
-3.357999999999999874e-01
-5.299999999999999850e-02
1.042000000000000010e-01
-6.453999999999999737e-01
2.960000000000000131e-02
5.480000000000000426e-01
-5.220000000000000195e-01
3.370000000000000218e-01
4.945999999999999841e-01
2.982000000000000206e-01
-1.907999999999999974e-01
-1.721999999999999920e-01
5.363999999999999879e-01
3.018000000000000127e-01
-5.083999999999999631e-01
-6.236000000000000432e-01
1.711999999999999911e-01
4.117999999999999994e-01
2.177999999999999936e-01
4.823999999999999955e-01
7.548000000000000265e-01
-2.750000000000000222e-01
3.145999999999999908e-01
-8.908000000000000362e-01
-3.055999999999999828e-01
-7.613999999999999657e-01
-4.803999999999999937e-01
2.514000000000000123e-01
-1.350000000000000089e-01
-5.594000000000000083e-01
1.950000000000000067e-01
1.635999999999999954e-01
-8.968000000000000416e-01
-6.525999999999999579e-01
-2.346000000000000030e-01
-4.146000000000000241e-01
-3.250000000000000111e-01
-4.534000000000000252e-01
4.727999999999999980e-01
-7.007999999999999785e-01
-2.796000000000000152e-01
-2.693999999999999728e-01
-1.988000000000000045e-01
-7.368000000000000105e-01
-4.792000000000000148e-01
3.225999999999999979e-01
3.669999999999999929e-01
-1.661999999999999866e-01
-6.627999999999999448e-01
-4.484000000000000208e-01
4.450000000000000067e-01
