2.144000000000000072e-01
2.079999999999999905e-01
-5.527999999999999581e-01
1.607999999999999985e-01
-4.033999999999999808e-01
1.526000000000000134e-01
7.419999999999999929e-01
5.857999999999999874e-01
5.053999999999999604e-01
4.551999999999999935e-01
-1.829999999999999960e-01
-1.086000000000000021e-01
1.011999999999999983e-01
-2.018000000000000071e-01
7.902000000000000135e-01
2.056000000000000050e-01
5.457999999999999519e-01
6.785999999999999810e-01
3.346000000000000085e-01
7.042000000000000481e-01
9.979999999999999982e-02
2.199999999999999872e-02
1.335999999999999965e-01
-7.965999999999999748e-01
7.606000000000000538e-01
7.760000000000000231e-02
4.138000000000000012e-01
-4.599999999999999922e-03
4.100000000000000172e-02
4.975999999999999868e-01
-9.819999999999999563e-02
2.197999999999999954e-01
4.580000000000000182e-01
-1.855999999999999872e-01
3.876000000000000001e-01
3.168000000000000260e-01
3.839999999999999664e-02
3.519999999999999796e-01
2.916000000000000258e-01
5.332000000000000073e-01
2.099999999999999922e-01
2.656000000000000028e-01
6.995999999999999996e-01
4.908000000000000140e-01
6.058000000000000052e-01
4.400000000000000022e-01
4.647999999999999909e-01
4.192000000000000171e-01
3.426000000000000156e-01
2.030000000000000138e-01
1.890000000000000013e-01
2.437999999999999889e-01
4.430000000000000049e-01
2.111999999999999988e-01
5.279999999999999971e-02
-2.059999999999999887e-01
5.133999999999999675e-01
6.021999999999999575e-01
2.701999999999999957e-01
1.776000000000000079e-01
1.797999999999999876e-01
5.273999999999999799e-01
1.376000000000000001e-01
5.397999999999999465e-01
4.002000000000000002e-01
3.685999999999999832e-01
4.995999999999999885e-01
1.991999999999999882e-01
-1.328000000000000014e-01
6.478000000000000425e-01
2.038000000000000089e-01
3.150000000000000022e-01
2.495999999999999885e-01
4.132000000000000117e-01
4.012000000000000011e-01
4.823999999999999955e-01
5.363999999999999879e-01
3.205999999999999961e-01
2.942000000000000171e-01
2.641999999999999904e-01
1.610000000000000042e-01
1.270000000000000018e-01
6.959999999999999520e-01
4.385999999999999899e-01
1.547999999999999932e-01
3.623999999999999999e-01
6.682000000000000162e-01
3.091999999999999749e-01
6.460000000000000464e-02
3.145999999999999908e-01
9.020000000000000240e-02
2.983999999999999986e-01
4.010000000000000231e-01
2.863999999999999879e-01
-6.599999999999999964e-03
3.718000000000000194e-01
4.991999999999999771e-01
-1.648000000000000020e-01
4.000000000000000222e-01
3.857999999999999763e-01
1.922000000000000097e-01
-1.679999999999999896e-02
7.478000000000000203e-01
-2.999999999999999889e-02
4.060000000000000275e-01
4.576000000000000068e-01
7.224000000000000421e-01
3.930000000000000160e-01
5.175999999999999490e-01
5.262000000000000011e-01
8.840000000000000635e-02
2.310000000000000109e-01
2.144000000000000072e-01
2.853999999999999870e-01
8.688000000000000167e-01
7.127999999999999892e-01
-9.199999999999999845e-03
2.482000000000000040e-01
3.058000000000000163e-01
1.034000000000000058e-01
2.746000000000000107e-01
1.099999999999999936e-02
7.581999999999999851e-01
4.083999999999999853e-01
6.745999999999999774e-01
-2.311999999999999889e-01
5.919999999999999707e-01
6.600000000000000311e-01
-4.709999999999999742e-01
1.393999999999999961e-01
1.842000000000000026e-01
2.960000000000000131e-02
4.702000000000000068e-01
3.214000000000000190e-01
-4.285999999999999810e-01
2.684000000000000274e-01
-1.355999999999999983e-01
-1.681999999999999884e-01
-3.065999999999999837e-01
5.462000000000000188e-01
1.083999999999999964e-01
-1.572000000000000064e-01
-6.316000000000000503e-01
4.103999999999999870e-01
6.323999999999999622e-01
4.591999999999999971e-01
3.462000000000000077e-01
4.182000000000000162e-01
5.178000000000000380e-01
5.649999999999999467e-01
-2.799999999999999972e-03
-3.830000000000000071e-01
4.567999999999999838e-01
3.896000000000000019e-01
6.522000000000000020e-01
2.972000000000000197e-01
9.619999999999999385e-02
4.242000000000000215e-01
6.068000000000000060e-01
3.125999999999999890e-01
1.150000000000000050e-01
8.300000000000000433e-02
4.516000000000000014e-01
2.409999999999999920e-01
4.576000000000000068e-01
-2.305999999999999994e-01
3.744000000000000106e-01
4.425999999999999934e-01
6.875999999999999890e-01
7.877999999999999448e-01
1.265999999999999903e-01
-3.359999999999999792e-02
2.661999999999999922e-01
5.260000000000000092e-02
2.361999999999999933e-01
4.932000000000000273e-01
3.880000000000000115e-02
-8.401999999999999469e-01
3.420000000000000123e-02
-9.760000000000000620e-02
1.859999999999999987e-01
1.318000000000000005e-01
3.784000000000000141e-01
3.019999999999999907e-01
5.612000000000000322e-01
6.133999999999999453e-01
4.611999999999999988e-01
2.763999999999999790e-01
3.887999999999999790e-01
7.017999999999999794e-01
-1.188000000000000028e-01
1.877999999999999947e-01
1.192000000000000004e-01
-6.395999999999999464e-01
8.508000000000000007e-01
4.984000000000000097e-01
5.874000000000000332e-01
4.265999999999999792e-01
4.080000000000000293e-02
2.802000000000000046e-01
2.046000000000000041e-01
7.820000000000000562e-02
-5.439999999999999697e-02
1.416000000000000036e-01
4.149999999999999800e-01
4.623999999999999777e-01
4.408000000000000251e-01
7.209999999999999742e-01
-9.760000000000000620e-02
7.039999999999999591e-01
-9.600000000000000200e-02
-1.552000000000000046e-01
-6.700000000000000400e-02
1.708000000000000074e-01
3.565999999999999726e-01
5.340000000000000302e-02
1.600000000000000033e-02
5.195999999999999508e-01
1.603999999999999870e-01
3.161999999999999811e-01
-5.360000000000000181e-02
-6.040000000000000230e-02
2.624000000000000221e-01
-1.754000000000000004e-01
4.988000000000000211e-01
5.143999999999999684e-01
-4.100000000000000172e-02
3.296000000000000041e-01
6.026000000000000245e-01
4.611999999999999988e-01
1.439999999999999961e-02
-9.080000000000000571e-02
6.598000000000000531e-01
1.496000000000000107e-01
8.307999999999999829e-01
4.769999999999999796e-01
-3.160000000000000309e-02
4.696000000000000174e-01
1.428000000000000103e-01
-3.195999999999999952e-01
4.259999999999999898e-02
-1.116000000000000048e-01
-6.380000000000000115e-01
-6.834000000000000075e-01
8.217999999999999750e-01
5.360000000000000320e-01
3.237999999999999767e-01
5.472000000000000197e-01
4.613999999999999768e-01
1.545999999999999874e-01
1.555999999999999883e-01
-4.059999999999999720e-02
6.028000000000000025e-01
1.305999999999999939e-01
6.712000000000000188e-01
5.377999999999999448e-01
6.952000000000000401e-01
1.789999999999999925e-01
1.708000000000000074e-01
1.419999999999999873e-01
1.451999999999999957e-01
-1.716000000000000025e-01
4.199999999999999845e-01
3.219999999999999946e-02
-4.527999999999999803e-01
5.610000000000000542e-01
5.991999999999999549e-01
4.677999999999999936e-01
5.310000000000000275e-01
1.274000000000000132e-01
-1.894000000000000128e-01
1.080000000000000057e-02
2.406000000000000083e-01
-3.857999999999999763e-01
3.286000000000000032e-01
-6.820000000000000506e-01
5.867999999999999883e-01
2.597999999999999754e-01
2.190000000000000002e-01
2.615999999999999992e-01
2.227999999999999980e-01
4.800000000000000100e-02
-2.263999999999999901e-01
4.490000000000000102e-01
5.679999999999999494e-01
-7.451999999999999735e-01
-1.489999999999999936e-01
7.468000000000000194e-01
3.227999999999999758e-01
3.578000000000000069e-01
1.461999999999999966e-01
4.487999999999999767e-01
-1.749999999999999889e-01
5.213999999999999746e-01
6.685999999999999721e-01
4.603999999999999759e-01
4.420000000000000040e-01
6.974000000000000199e-01
3.735999999999999877e-01
-6.997999999999999776e-01
-1.299999999999999940e-02
1.733999999999999986e-01
3.794000000000000150e-01
3.079999999999999960e-01
8.145999999999999908e-01
6.239999999999999714e-02
3.961999999999999966e-01
4.052000000000000046e-01
6.011999999999999567e-01
7.678000000000000380e-01
2.837999999999999967e-01
5.068000000000000282e-01
3.704000000000000070e-01
1.779999999999999916e-01
5.512000000000000233e-01
1.361999999999999877e-01
1.729999999999999871e-01
-2.999999999999999889e-02
-8.659999999999999643e-02
3.582000000000000184e-01
2.520000000000000018e-02
4.232000000000000206e-01
-1.899999999999999953e-02
-2.160000000000000114e-02
2.938000000000000056e-01
7.879999999999999505e-02
8.174000000000000155e-01
3.711999999999999744e-01
5.662000000000000366e-01
5.804000000000000270e-01
2.541999999999999815e-01
5.081999999999999851e-01
-3.476000000000000201e-01
4.198000000000000065e-01
1.469999999999999918e-01
-1.461999999999999966e-01
3.761999999999999789e-01
7.451999999999999735e-01
5.248000000000000442e-01
-2.615999999999999992e-01
2.207999999999999963e-01
-3.652000000000000246e-01
4.202000000000000179e-01
1.165999999999999953e-01
2.338000000000000078e-01
8.079999999999999682e-02
-1.406000000000000028e-01
-5.160000000000000003e-02
-2.215999999999999914e-01
-3.540000000000000091e-02
2.520000000000000018e-01
5.218000000000000416e-01
5.006000000000000449e-01
3.831999999999999851e-01
3.805999999999999939e-01
2.772000000000000020e-01
7.299999999999999545e-02
7.815999999999999615e-01
4.769999999999999796e-01
3.652000000000000246e-01
1.418000000000000094e-01
4.000000000000000222e-01
1.955999999999999961e-01
-1.168000000000000010e-01
7.126000000000000112e-01
4.895999999999999797e-01
3.452000000000000068e-01
6.500000000000000222e-01
3.145999999999999908e-01
6.104000000000000536e-01
6.819999999999999674e-02
4.703999999999999848e-01
7.259999999999999787e-02
4.699999999999999734e-01
8.204000000000000181e-01
4.259999999999999898e-01
7.000000000000000146e-03
8.234000000000000208e-01
6.201999999999999735e-01
5.013999999999999568e-01
5.979999999999999899e-02
-5.649999999999999467e-01
-1.794000000000000039e-01
4.969999999999999973e-01
4.945999999999999841e-01
-5.223999999999999755e-01
-9.220000000000000417e-02
6.114000000000000545e-01
4.265999999999999792e-01
3.924000000000000266e-01
1.827999999999999903e-01
4.089999999999999747e-01
3.559999999999999970e-02
1.958000000000000018e-01
5.769999999999999574e-01
-7.284000000000000474e-01
6.622000000000000108e-01
5.430000000000000382e-01
3.497999999999999998e-01
5.058000000000000274e-01
1.106000000000000039e-01
1.940000000000000058e-01
4.534000000000000252e-01
3.160000000000000031e-01
1.877999999999999947e-01
-4.838000000000000078e-01
4.796000000000000263e-01
6.081999999999999629e-01
4.880000000000000310e-02
3.477999999999999980e-01
1.668000000000000038e-01
1.499999999999999944e-01
1.980000000000000093e-01
1.988000000000000045e-01
7.788000000000000478e-01
-3.538000000000000034e-01
-3.785999999999999921e-01
6.176000000000000378e-01
4.803999999999999937e-01
-4.199999999999999740e-03
1.477999999999999869e-01
1.537999999999999923e-01
3.860000000000000236e-02
3.290000000000000147e-01
5.959999999999999742e-01
1.351999999999999869e-01
1.213999999999999940e-01
3.452000000000000068e-01
5.060000000000000053e-01
4.063999999999999835e-01
1.985999999999999988e-01
-1.837999999999999912e-01
-7.361999999999999655e-01
4.672000000000000042e-01
7.903999999999999915e-01
1.920000000000000040e-01
5.585999999999999854e-01
2.328000000000000069e-01
6.919999999999999762e-02
1.741999999999999937e-01
1.751999999999999946e-01
-1.250000000000000000e-01
4.349999999999999978e-01
3.210000000000000075e-01
4.153999999999999915e-01
8.012000000000000233e-01
3.549999999999999822e-01
1.413999999999999979e-01
2.866000000000000214e-01
7.608000000000000318e-01
4.519999999999999712e-02
-3.645999999999999797e-01
5.143999999999999684e-01
-4.083999999999999853e-01
-2.127999999999999892e-01
1.630000000000000060e-01
3.513999999999999901e-01
4.126000000000000223e-01
2.363999999999999990e-01
-8.119999999999999440e-02
7.860000000000000320e-02
-3.931999999999999940e-01
4.530000000000000138e-01
-3.366000000000000103e-01
3.645999999999999797e-01
4.325999999999999845e-01
3.479999999999999760e-02
7.930000000000000382e-01
-2.993999999999999995e-01
6.774000000000000021e-01
1.643999999999999906e-01
-3.760000000000000009e-01
6.677999999999999492e-01
3.235999999999999988e-01
1.194000000000000061e-01
3.880000000000000115e-02
6.865999999999999881e-01
-2.268000000000000016e-01
7.892000000000000126e-01
8.015999999999999792e-01
2.157999999999999918e-01
-2.879999999999999782e-01
4.699999999999999734e-01
1.512000000000000011e-01
6.351999999999999869e-01
4.534000000000000252e-01
2.690000000000000169e-01
6.393999999999999684e-01
1.320000000000000062e-01
4.739999999999999769e-01
1.789999999999999925e-01
-4.329999999999999960e-01
3.830000000000000071e-01
2.114000000000000046e-01
5.604000000000000092e-01
5.231999999999999984e-01
1.632000000000000117e-01
-5.739999999999999963e-02
6.570000000000000284e-01
2.741999999999999993e-01
2.111999999999999988e-01
-8.379999999999999949e-02
-3.751999999999999780e-01
3.058000000000000163e-01
-3.185999999999999943e-01
6.339999999999999802e-02
4.706000000000000183e-01
5.101999999999999869e-01
5.463999999999999968e-01
6.104000000000000536e-01
2.290000000000000091e-01
1.460000000000000013e-02
4.833999999999999964e-01
3.052000000000000268e-01
6.750000000000000444e-01
-3.940000000000000169e-01
5.131999999999999895e-01
4.410000000000000031e-01
2.867999999999999994e-01
6.385999999999999455e-01
2.088000000000000134e-01
-8.459999999999999465e-02
4.428000000000000269e-01
2.697999999999999843e-01
2.175999999999999879e-01
2.504000000000000115e-01
3.569999999999999840e-01
5.727999999999999758e-01
-2.466000000000000136e-01
7.336000000000000298e-01
2.836000000000000187e-01
-9.220000000000000417e-02
4.026000000000000134e-01
4.965999999999999859e-01
2.291999999999999871e-01
2.849999999999999756e-01
2.740000000000000213e-01
4.097999999999999976e-01
6.675999999999999712e-01
6.161999999999999700e-01
2.479999999999999913e-02
-3.376000000000000112e-01
5.098000000000000309e-01
-1.932000000000000106e-01
5.734000000000000208e-01
-4.400000000000000022e-01
6.488000000000000433e-01
4.146000000000000241e-01
3.695999999999999841e-01
4.949999999999999956e-01
1.683999999999999941e-01
8.019999999999999352e-02
-3.691999999999999726e-01
-2.020000000000000129e-01
7.171999999999999487e-01
3.311999999999999944e-01
5.382000000000000117e-01
7.860000000000000320e-02
-1.015999999999999959e-01
5.702000000000000401e-01
1.421999999999999931e-01
4.639999999999999680e-02
6.959999999999999520e-02
-1.797999999999999876e-01
4.507999999999999785e-01
3.069999999999999951e-01
-5.577999999999999625e-01
2.299999999999999961e-02
-4.900000000000000189e-02
6.049999999999999822e-01
2.000000000000000111e-01
-1.165999999999999953e-01
-2.879999999999999782e-01
1.690000000000000113e-01
5.575999999999999845e-01
9.799999999999999684e-03
5.473999999999999977e-01
3.734000000000000097e-01
6.779999999999999916e-02
7.244000000000000439e-01
1.847999999999999921e-01
-6.859999999999999432e-02
2.107999999999999874e-01
2.258000000000000007e-01
2.978000000000000091e-01
2.061999999999999944e-01
5.909999999999999698e-01
4.388000000000000234e-01
4.912000000000000255e-01
3.874000000000000221e-01
2.479999999999999982e-01
-2.177999999999999936e-01
6.298000000000000265e-01
4.364000000000000101e-01
1.612000000000000099e-01
1.679999999999999896e-02
3.721999999999999753e-01
7.782000000000000028e-01
3.290000000000000147e-01
3.008000000000000118e-01
2.340000000000000135e-01
-2.442000000000000004e-01
1.799999999999999864e-02
2.088000000000000134e-01
7.753999999999999782e-01
-1.055999999999999994e-01
5.559999999999999665e-02
2.948000000000000065e-01
6.021999999999999575e-01
4.321999999999999731e-01
4.440000000000000197e-02
-4.756000000000000227e-01
2.469999999999999973e-01
-8.200000000000000344e-02
1.892000000000000071e-01
2.172000000000000042e-01
4.692000000000000060e-01
3.331999999999999962e-01
1.854000000000000092e-01
6.009999999999999787e-01
1.545999999999999874e-01
-3.185999999999999943e-01
6.775999999999999801e-01
3.655999999999999805e-01
2.116000000000000103e-01
2.301999999999999880e-01
-9.959999999999999409e-02
3.721999999999999753e-01
1.756000000000000061e-01
4.995999999999999885e-01
5.460000000000000270e-02
-2.565999999999999948e-01
6.558000000000000496e-01
2.889999999999999791e-01
7.600000000000000089e-01
3.910000000000000142e-01
3.497999999999999998e-01
9.619999999999999385e-02
3.739999999999999991e-01
3.459999999999999742e-01
2.580000000000000002e-02
1.820000000000000090e-02
8.820000000000000062e-02
3.371999999999999997e-01
7.271999999999999575e-01
2.146000000000000130e-01
4.345999999999999863e-01
5.362000000000000099e-01
4.056000000000000161e-01
6.915999999999999925e-01
2.278000000000000025e-01
-1.839999999999999969e-02
-4.599999999999999922e-02
1.260000000000000009e-02
5.173999999999999710e-01
3.638000000000000123e-01
5.377999999999999448e-01
7.815999999999999615e-01
-3.224000000000000199e-01
4.875999999999999779e-01
1.663999999999999924e-01
4.599999999999999922e-03
-5.445999999999999730e-01
2.185999999999999888e-01
2.883999999999999897e-01
3.734000000000000097e-01
8.400000000000000522e-02
6.118000000000000105e-01
2.872000000000000108e-01
4.524000000000000243e-01
1.638000000000000012e-01
-5.011999999999999789e-01
1.890000000000000013e-01
4.660000000000000253e-02
4.965999999999999859e-01
1.675999999999999990e-01
7.227999999999999980e-01
4.233999999999999986e-01
1.481999999999999984e-01
4.123999999999999888e-01
4.460000000000000075e-02
-2.975999999999999757e-01
1.400000000000000133e-01
-3.099999999999999978e-02
7.401999999999999691e-01
1.233999999999999958e-01
1.567999999999999949e-01
4.046000000000000152e-01
5.460000000000000270e-02
5.987999999999999989e-01
9.059999999999999998e-02
-2.389999999999999902e-01
1.796000000000000096e-01
4.093999999999999861e-01
-5.360000000000000181e-02
9.199999999999999845e-02
6.048000000000000043e-01
1.932000000000000106e-01
9.120000000000000329e-02
5.524000000000000021e-01
-1.679999999999999896e-02
-1.859999999999999848e-02
6.239999999999999714e-02
-4.619999999999999801e-02
1.970000000000000084e-01
2.530000000000000027e-01
1.650000000000000078e-01
8.474000000000000421e-01
1.535999999999999865e-01
5.859999999999999654e-01
-2.299999999999999961e-02
8.200000000000000691e-03
3.039999999999999994e-02
1.862000000000000044e-01
4.563999999999999724e-01
6.599999999999999964e-03
2.867999999999999994e-01
5.370000000000000329e-01
3.245999999999999996e-01
3.237999999999999767e-01
2.232000000000000095e-01
1.512000000000000011e-01
6.450000000000000178e-01
2.773999999999999799e-01
5.282000000000000028e-01
2.681999999999999940e-01
-3.310000000000000164e-01
6.533999999999999808e-01
4.900000000000000189e-02
4.822000000000000175e-01
2.003999999999999948e-01
-1.270000000000000018e-01
3.064000000000000057e-01
4.652000000000000024e-01
6.188000000000000167e-01
3.287999999999999812e-01
-6.463999999999999746e-01
2.008000000000000063e-01
-1.797999999999999876e-01
2.220000000000000029e-01
8.880000000000000393e-02
-1.537999999999999923e-01
2.816000000000000170e-01
4.809999999999999831e-01
4.275999999999999801e-01
-3.799999999999999906e-02
-7.336000000000000298e-01
6.538000000000000478e-01
2.903999999999999915e-01
4.083999999999999853e-01
1.706000000000000016e-01
1.623999999999999888e-01
6.550000000000000266e-01
3.585999999999999743e-01
-2.323999999999999955e-01
2.175999999999999879e-01
-7.369999999999999885e-01
2.434000000000000052e-01
5.954000000000000403e-01
5.400000000000000355e-01
1.032000000000000001e-01
4.828000000000000069e-01
5.966000000000000192e-01
3.563999999999999946e-01
6.570000000000000284e-01
1.089999999999999997e-01
3.049999999999999933e-01
1.277999999999999969e-01
1.693999999999999950e-01
7.456000000000000405e-01
3.034000000000000030e-01
-6.500000000000000222e-02
4.823999999999999955e-01
-2.263999999999999901e-01
-1.804000000000000048e-01
3.711999999999999744e-01
1.880000000000000074e-02
5.862000000000000544e-01
5.387999999999999456e-01
7.046000000000000041e-01
1.087999999999999939e-01
1.945999999999999952e-01
4.597999999999999865e-01
8.419999999999999707e-02
4.520000000000000129e-01
2.601999999999999869e-01
4.636000000000000121e-01
3.896000000000000019e-01
-1.491999999999999993e-01
4.320000000000000229e-02
2.240000000000000047e-01
4.968000000000000194e-01
-9.799999999999999684e-03
2.674000000000000266e-01
3.386000000000000121e-01
1.827999999999999903e-01
4.969999999999999973e-01
7.131999999999999451e-01
-1.330000000000000071e-01
-2.847999999999999976e-01
1.826000000000000123e-01
2.394000000000000017e-01
2.992000000000000215e-01
5.510000000000000453e-01
3.678000000000000158e-01
2.703999999999999737e-01
-1.379999999999999977e-02
6.687999999999999501e-01
3.432000000000000051e-01
2.417999999999999872e-01
2.998000000000000109e-01
8.379999999999999949e-02
6.573999999999999844e-01
2.763999999999999790e-01
5.243999999999999773e-01
8.719999999999999973e-02
3.599999999999999867e-01
-2.879999999999999921e-02
6.703999999999999959e-01
6.673999999999999932e-01
4.000000000000000083e-03
3.463999999999999857e-01
3.795999999999999930e-01
-1.640000000000000138e-02
3.138000000000000234e-01
4.037999999999999923e-01
5.340000000000000302e-01
6.522000000000000020e-01
-6.797999999999999599e-01
1.154000000000000026e-01
1.507999999999999896e-01
3.649999999999999911e-01
2.179999999999999993e-01
-2.500000000000000000e-01
3.059999999999999873e-02
6.719999999999999585e-02
4.455999999999999961e-01
-3.899999999999999994e-02
6.552000000000000046e-01
-1.887999999999999956e-01
1.195999999999999980e-01
-3.897999999999999798e-01
6.810000000000000497e-01
1.827999999999999903e-01
7.131999999999999451e-01
3.201999999999999846e-01
2.051999999999999935e-01
4.067999999999999949e-01
3.457999999999999963e-01
-3.080000000000000099e-02
-2.259999999999999856e-02
-1.919999999999999832e-02
3.645999999999999797e-01
-5.907999999999999918e-01
3.821999999999999842e-01
3.316000000000000059e-01
5.964000000000000412e-01
8.367999999999999883e-01
1.857999999999999929e-01
4.355999999999999872e-01
2.793999999999999817e-01
-3.089999999999999969e-01
3.585999999999999743e-01
3.533999999999999919e-01
5.827999999999999847e-01
1.816000000000000114e-01
3.390000000000000235e-01
3.960000000000000187e-01
4.480000000000000093e-01
2.939999999999999836e-01
1.746000000000000052e-01
6.700000000000000400e-02
5.659999999999999476e-01
2.827999999999999958e-01
5.520000000000000462e-01
3.191999999999999837e-01
5.715999999999999970e-01
6.740000000000000158e-02
-8.160000000000000586e-02
4.279999999999999916e-01
6.619999999999999496e-02
2.258000000000000007e-01
2.021999999999999909e-01
1.024000000000000049e-01
5.797999999999999821e-01
1.696000000000000008e-01
3.699999999999999817e-02
2.916000000000000258e-01
-2.614000000000000212e-01
-4.152000000000000135e-01
1.958000000000000018e-01
-2.505999999999999894e-01
5.463999999999999968e-01
3.711999999999999744e-01
5.886000000000000121e-01
-3.760000000000000148e-02
-7.147999999999999909e-01
7.127999999999999892e-01
2.492000000000000048e-01
-4.819999999999999979e-02
8.400000000000000522e-02
4.652000000000000024e-01
-7.420000000000000207e-02
5.590000000000000524e-01
5.931999999999999496e-01
6.640000000000000069e-02
1.650000000000000078e-01
-3.533999999999999919e-01
9.940000000000000224e-02
5.796000000000000041e-01
1.952000000000000124e-01
4.026000000000000134e-01
3.960000000000000325e-02
4.017999999999999905e-01
7.832000000000000073e-01
-2.620000000000000107e-02
5.759999999999999565e-01
7.531999999999999806e-01
1.121999999999999942e-01
-9.959999999999999409e-02
1.968000000000000027e-01
4.176000000000000267e-01
2.993999999999999995e-01
4.348000000000000198e-01
4.772000000000000131e-01
9.560000000000000442e-02
-5.318000000000000504e-01
3.804000000000000159e-01
-5.519999999999999907e-02
6.216000000000000414e-01
2.479999999999999982e-01
3.337999999999999856e-01
3.158000000000000251e-01
-3.536000000000000254e-01
-2.406000000000000083e-01
-2.938000000000000056e-01
1.295999999999999930e-01
3.437999999999999945e-01
5.013999999999999568e-01
-1.721999999999999920e-01
1.690000000000000113e-01
2.963999999999999968e-01
3.297999999999999821e-01
5.519999999999999907e-02
2.548000000000000265e-01
2.518000000000000238e-01
3.608000000000000096e-01
6.291999999999999815e-01
5.200000000000000178e-01
5.008000000000000229e-01
1.872000000000000053e-01
1.834000000000000075e-01
1.209999999999999964e-01
5.073999999999999622e-01
6.652000000000000135e-01
2.597999999999999754e-01
3.741999999999999771e-01
2.101999999999999980e-01
4.040000000000000258e-01
5.268000000000000460e-01
-1.257999999999999952e-01
4.484000000000000208e-01
5.590000000000000524e-01
3.105999999999999872e-01
-4.783999999999999919e-01
3.977999999999999869e-01
-1.880000000000000004e-01
7.114000000000000323e-01
5.964000000000000412e-01
5.742000000000000437e-01
-1.720000000000000001e-02
-6.560000000000000553e-02
-4.072000000000000064e-01
3.068000000000000171e-01
-2.220000000000000029e-01
4.304000000000000048e-01
3.034000000000000030e-01
1.312000000000000111e-01
6.884000000000000119e-01
5.572000000000000286e-01
3.141999999999999793e-01
2.654000000000000248e-01
-4.279999999999999777e-02
1.184000000000000052e-01
6.301999999999999824e-01
4.053999999999999826e-01
6.522000000000000020e-01
3.652000000000000246e-01
3.578000000000000069e-01
2.011999999999999900e-01
1.242000000000000048e-01
3.698000000000000176e-01
2.426000000000000101e-01
9.220000000000000417e-02
-1.711999999999999911e-01
2.772000000000000020e-01
2.869999999999999774e-01
6.982000000000000428e-01
5.797999999999999821e-01
1.532000000000000028e-01
